0.15625
0.46875
0.78125
1.0938
1.4062
1.7188
2.0312
2.3438
2.6562
2.9688
3.2812
3.5938
3.9062
4.2188
4.5312
4.8438
5.1562
5.4688
5.7812
6.0938
6.4062
6.7188
7.0312
7.3438
7.6562
7.9688
8.2812
8.5938
8.9062
9.2188
9.5312
9.8438
10.156
10.469
10.781
11.094
11.406
11.719
12.031
12.344
12.656
12.969
13.281
13.594
13.906
14.219
14.531
14.844
15.156
15.469
15.781
16.094
16.406
16.719
17.031
17.344
17.656
17.969
18.281
18.594
18.906
19.219
19.531
19.844
20.156
20.469
20.781
21.094
21.406
21.719
22.031
22.344
22.656
22.969
23.281
23.594
23.906
24.219
24.531
24.844
25.156
25.469
25.781
26.094
26.406
26.719
27.031
27.344
27.656
27.969
28.281
28.594
28.906
29.219
29.531
29.844
30.156
30.469
30.781
31.094
31.406
31.719
32.031
32.344
32.656
32.969
33.281
33.594
33.906
34.219
34.531
34.844
35.156
35.469
35.781
36.094
36.406
36.719
37.031
37.344
37.656
37.969
38.281
38.594
38.906
39.219
39.531
39.844
40.156
40.469
40.781
41.094
41.406
41.719
42.031
42.344
42.656
42.969
43.281
43.594
43.906
44.219
44.531
44.844
45.156
45.469
45.781
46.094
46.406
46.719
47.031
47.344
47.656
47.969
48.281
48.594
48.906
49.219
49.531
49.844
50.156
50.469
50.781
51.094
51.406
51.719
52.031
52.344
52.656
52.969
53.281
53.594
53.906
54.219
54.531
54.844
55.156
55.469
55.781
56.094
56.406
56.719
57.031
57.344
57.656
57.969
58.281
58.594
58.906
59.219
59.531
59.844
60.156
60.469
60.781
61.094
61.406
61.719
62.031
62.344
62.656
62.969
63.281
63.594
63.906
64.219
64.531
64.844
65.156
65.469
65.781
66.094
66.406
66.719
67.031
67.344
67.656
67.969
68.281
68.594
68.906
69.219
69.531
69.844
70.156
70.469
70.781
71.094
71.406
71.719
72.031
72.344
72.656
72.969
73.281
73.594
73.906
74.219
74.531
74.844
75.156
75.469
75.781
76.094
76.406
76.719
77.031
77.344
77.656
77.969
78.281
78.594
78.906
79.219
79.531
79.844
80.156
80.469
80.781
81.094
81.406
81.719
82.031
82.344
82.656
82.969
83.281
83.594
83.906
84.219
84.531
84.844
85.156
85.469
85.781
86.094
86.406
86.719
87.031
87.344
87.656
87.969
88.281
88.594
88.906
89.219
89.531
89.844
90.156
90.469
90.781
91.094
91.406
91.719
92.031
92.344
92.656
92.969
93.281
93.594
93.906
94.219
94.531
94.844
95.156
95.469
95.781
96.094
96.406
96.719
97.031
97.344
97.656
97.969
98.281
98.594
98.906
99.219
99.531
99.844
100.16
100.47
100.78
101.09
101.41
101.72
102.03
102.34
102.66
102.97
103.28
103.59
103.91
104.22
104.53
104.84
105.16
105.47
105.78
106.09
106.41
106.72
107.03
107.34
107.66
107.97
108.28
108.59
108.91
109.22
109.53
109.84
110.16
110.47
110.78
111.09
111.41
111.72
112.03
112.34
112.66
112.97
113.28
113.59
113.91
114.22
114.53
114.84
115.16
115.47
115.78
116.09
116.41
116.72
117.03
117.34
117.66
117.97
118.28
118.59
118.91
119.22
119.53
119.84
120.16
120.47
120.78
121.09
121.41
121.72
122.03
122.34
122.66
122.97
123.28
123.59
123.91
124.22
124.53
124.84
125.16
125.47
125.78
126.09
126.41
126.72
127.03
127.34
127.66
127.97
128.28
128.59
128.91
129.22
129.53
129.84
130.16
130.47
130.78
131.09
131.41
131.72
132.03
132.34
132.66
132.97
133.28
133.59
133.91
134.22
134.53
134.84
135.16
135.47
135.78
136.09
136.41
136.72
137.03
137.34
137.66
137.97
138.28
138.59
138.91
139.22
139.53
139.84
140.16
140.47
140.78
141.09
141.41
141.72
142.03
142.34
142.66
142.97
143.28
143.59
143.91
144.22
144.53
144.84
145.16
145.47
145.78
146.09
146.41
146.72
147.03
147.34
147.66
147.97
148.28
148.59
148.91
149.22
149.53
149.84
150.16
150.47
150.78
151.09
151.41
151.72
152.03
152.34
152.66
152.97
153.28
153.59
153.91
154.22
154.53
154.84
155.16
155.47
155.78
156.09
156.41
156.72
157.03
157.34
157.66
157.97
158.28
158.59
158.91
159.22
159.53
159.84
160.16
160.47
160.78
161.09
161.41
161.72
162.03
162.34
162.66
162.97
163.28
163.59
163.91
164.22
164.53
164.84
165.16
165.47
165.78
166.09
166.41
166.72
167.03
167.34
167.66
167.97
168.28
168.59
168.91
169.22
169.53
169.84
170.16
170.47
170.78
171.09
171.41
171.72
172.03
172.34
172.66
172.97
173.28
173.59
173.91
174.22
174.53
174.84
175.16
175.47
175.78
176.09
176.41
176.72
177.03
177.34
177.66
177.97
178.28
178.59
178.91
179.22
179.53
179.84
180.16
180.47
180.78
181.09
181.41
181.72
182.03
182.34
182.66
182.97
183.28
183.59
183.91
184.22
184.53
184.84
185.16
185.47
185.78
186.09
186.41
186.72
187.03
187.34
187.66
187.97
188.28
188.59
188.91
189.22
189.53
189.84
190.16
190.47
190.78
191.09
191.41
191.72
192.03
192.34
192.66
192.97
193.28
193.59
193.91
194.22
194.53
194.84
195.16
195.47
195.78
196.09
196.41
196.72
197.03
197.34
197.66
197.97
198.28
198.59
198.91
199.22
199.53
199.84
200.16
200.47
200.78
201.09
201.41
201.72
202.03
202.34
202.66
202.97
203.28
203.59
203.91
204.22
204.53
204.84
205.16
205.47
205.78
206.09
206.41
206.72
207.03
207.34
207.66
207.97
208.28
208.59
208.91
209.22
209.53
209.84
210.16
210.47
210.78
211.09
211.41
211.72
212.03
212.34
212.66
212.97
213.28
213.59
213.91
214.22
214.53
214.84
215.16
215.47
215.78
216.09
216.41
216.72
217.03
217.34
217.66
217.97
218.28
218.59
218.91
219.22
219.53
219.84
220.16
220.47
220.78
221.09
221.41
221.72
222.03
222.34
222.66
222.97
223.28
223.59
223.91
224.22
224.53
224.84
225.16
225.47
225.78
226.09
226.41
226.72
227.03
227.34
227.66
227.97
228.28
228.59
228.91
229.22
229.53
229.84
230.16
230.47
230.78
231.09
231.41
231.72
232.03
232.34
232.66
232.97
233.28
233.59
233.91
234.22
234.53
234.84
235.16
235.47
235.78
236.09
236.41
236.72
237.03
237.34
237.66
237.97
238.28
238.59
238.91
239.22
239.53
239.84
240.16
240.47
240.78
241.09
241.41
241.72
242.03
242.34
242.66
242.97
243.28
243.59
243.91
244.22
244.53
244.84
245.16
245.47
245.78
246.09
246.41
246.72
247.03
247.34
247.66
247.97
248.28
248.59
248.91
249.22
249.53
249.84
250.16
250.47
250.78
251.09
251.41
251.72
252.03
252.34
252.66
252.97
253.28
253.59
253.91
254.22
254.53
254.84
255.16
255.47
255.78
256.09
256.41
256.72
257.03
257.34
257.66
257.97
258.28
258.59
258.91
259.22
259.53
259.84
260.16
260.47
260.78
261.09
261.41
261.72
262.03
262.34
262.66
262.97
263.28
263.59
263.91
264.22
264.53
264.84
265.16
265.47
265.78
266.09
266.41
266.72
267.03
267.34
267.66
267.97
268.28
268.59
268.91
269.22
269.53
269.84
270.16
270.47
270.78
271.09
271.41
271.72
272.03
272.34
272.66
272.97
273.28
273.59
273.91
274.22
274.53
274.84
275.16
275.47
275.78
276.09
276.41
276.72
277.03
277.34
277.66
277.97
278.28
278.59
278.91
279.22
279.53
279.84
280.16
280.47
280.78
281.09
281.41
281.72
282.03
282.34
282.66
282.97
283.28
283.59
283.91
284.22
284.53
284.84
285.16
285.47
285.78
286.09
286.41
286.72
287.03
287.34
287.66
287.97
288.28
288.59
288.91
289.22
289.53
289.84
290.16
290.47
290.78
291.09
291.41
291.72
292.03
292.34
292.66
292.97
293.28
293.59
293.91
294.22
294.53
294.84
295.16
295.47
295.78
296.09
296.41
296.72
297.03
297.34
297.66
297.97
298.28
298.59
298.91
299.22
299.53
