#COOR
GSE
#START
2015	10	18	0	0	0	0	0.32	0	-4.83	-353	0.4	-15.7	19.04	109793
2015	10	18	0	1	0	0	0.32	0	-4.83	-353	0.4	-15.7	19.04	109793
2015	10	18	0	2	0	0	0.32	0	-4.83	-353	0.4	-15.7	19.04	109793
2015	10	18	0	3	0	0	0.32	-0.3	-4.83	-353	0.4	-15.7	19.04	109793
2015	10	18	0	4	0	0	0.32	-0.5	-5.23	-353	0.4	-15.7	19.04	109793
2015	10	18	0	5	0	0	0.27	-0.58	-5.23	-353	0.4	-15.7	19.04	109793
2015	10	18	0	6	0	0	0.27	-0.58	-5.23	-353	0.4	-15.7	19.04	109793
2015	10	18	0	7	0	0	0.25	-0.58	-5.23	-353	1	-12.2	16.52	80160
2015	10	18	0	8	0	0	0.23	-0.59	-5.44	-353	1	-12.2	16.52	80160
2015	10	18	0	9	0	0	-0.04	-0.04	-5.52	-353	1	-12.2	16.52	80160
2015	10	18	0	10	0	0	-0.25	-0.17	-5.55	-353	1	-12.2	16.52	80160
2015	10	18	0	11	0	0	-0.42	-0.18	-5.58	-353	1	-12.2	16.52	80160
2015	10	18	0	12	0	0	-0.43	-0.02	-5.51	-353.5	1	-12.2	16.52	80160
2015	10	18	0	13	0	0	-0.59	0.01	-5.55	-353.5	1	-12.2	16.52	80160
2015	10	18	0	14	0	0	-1.27	-0.85	-5.47	-351.5	2	-10.3	17.14	77973
2015	10	18	0	15	0	0	-1.43	-0.72	-5.63	-351.5	2	-10.3	17.14	77973
2015	10	18	0	16	0	0	-1.42	-0.6	-5.48	-351.5	2	-10.3	17.14	77973
2015	10	18	0	17	0	0	-1.36	-0.43	-5.64	-351.5	2	-10.3	17.14	77973
2015	10	18	0	18	0	0	-1.39	-0.27	-5.88	-352.1	3.1	-10.1	16.84	79282
2015	10	18	0	19	0	0	-1.49	-0.08	-5.74	-352.1	3.1	-10.1	16.84	79282
2015	10	18	0	20	0	0	-1.7	0.25	-5.8	-351	2.2	-10.7	17.2	79592
2015	10	18	0	21	0	0	-1.58	0.18	-5.9	-350.5	1.8	-11	17.35	79720
2015	10	18	0	22	0	0	-1.48	0.18	-6.11	-349.9	1.1	-11.7	17.26	79903
2015	10	18	0	23	0	0	-2.71	1.16	-4.64	-349	-0.1	-12.3	17.17	80387
2015	10	18	0	24	0	0	-3.93	4.02	-0.82	-349.2	-1.9	-5.8	17.9	85338
2015	10	18	0	25	0	0	-3.48	3.56	-2.52	-349.5	-1	-4.9	17.89	84736
2015	10	18	0	26	0	0	-3.92	4.08	-1.89	-350.7	2.9	-2.4	17.72	81487
2015	10	18	0	27	0	0	-3.63	4.51	-1.45	-353	2.4	-4.2	18.34	80709
2015	10	18	0	28	0	0	-3.5	4.51	-1.05	-353.3	2.3	-4.4	18.43	80601
2015	10	18	0	29	0	0	-3.62	4.57	-1.08	-353.3	3.3	-4.2	18.23	80601
2015	10	18	0	30	0	0	-3.45	4.53	-0.27	-353.3	3.3	-4.2	18.23	80601
2015	10	18	0	31	0	0	-3.65	4.47	-0.74	-353	3.6	-5.3	18.64	81932
2015	10	18	0	32	0	0	-3.55	4.2	-1.18	-353.6	3.3	-3.9	18.49	81701
2015	10	18	0	33	0	0	-3.03	3.22	-1.86	-354.2	2.9	-2.6	18.37	81699
2015	10	18	0	34	0	0	-2.76	3.46	-2.28	-353.3	1	-0.3	18.97	89211
2015	10	18	0	35	0	0	-2.68	3.59	-1.92	-353.7	1.2	-0.9	18.97	89077
2015	10	18	0	36	0	0	-2.77	3.98	-1.37	-354.7	1.7	-2.3	18.97	88747
2015	10	18	0	37	0	0	-2.81	4.12	-1.21	-354.7	1.7	-2.3	18.97	88747
2015	10	18	0	38	0	0	-2.58	3.94	-1.21	-355.6	2.1	0.3	18.95	86445
2015	10	18	0	39	0	0	-2.72	3.98	-1.07	-355.6	2.1	0.3	18.95	86445
2015	10	18	0	40	0	0	-2.51	3.72	-0.04	-356.3	5.3	-7.1	19.89	92967
2015	10	18	0	41	0	0	-2.45	4.37	1.02	-356.3	5.3	-7.1	19.89	92967
2015	10	18	0	42	0	0	-2.37	4.45	1.06	-357.3	5.3	-7.4	19.62	91549
2015	10	18	0	43	0	0	-2.49	3.94	0.59	-357.3	5.3	-7.4	19.62	91549
2015	10	18	0	44	0	0	-2.76	4.14	0.14	-357.3	5.3	-7.4	19.62	91549
2015	10	18	0	45	0	0	-2.63	4.13	0.18	-354.8	4	-3.6	18.6	93918
2015	10	18	0	46	0	0	-2.31	3.65	0.32	-355.3	4	-1.3	18.65	95480
2015	10	18	0	47	0	0	-2.09	3.46	-2.23	-356.1	4.1	-0.4	18.28	96943
2015	10	18	0	48	0	0	-2.14	3.82	-2.08	-357.1	4.3	-2.9	17.28	97285
2015	10	18	0	49	0	0	-2.08	3.82	-1.69	-357.3	3.7	-0.4	17.86	108764
2015	10	18	0	50	0	0	-0.59	0.57	-0.51	-358.4	4.7	-1.9	17.84	116991
2015	10	18	0	51	0	0	-0.83	0.1	-5.89	-360.6	6.6	-4.9	17.8	133644
2015	10	18	0	52	0	0	-1.08	0.64	-6.05	-359.8	2.1	-2.9	16.42	97300
2015	10	18	0	53	0	0	-1.45	0.64	-7.09	-359.8	2	-2.8	16.38	96317
2015	10	18	0	54	0	0	-1.7	0.47	-7.85	-356.8	1	-0.3	14.45	76675
2015	10	18	0	55	0	0	-1.39	0.23	-7.65	-356.8	1	-0.3	14.45	76675
2015	10	18	0	56	0	0	-0.67	1.5	-7.4	-356.8	1	-0.3	14.45	76675
2015	10	18	0	57	0	0	-0.97	1.62	-7.32	-355.5	5.4	2	16.22	82395
2015	10	18	0	58	0	0	-1.11	1.01	-8.07	-356.5	5.7	-0.6	15.53	82804
2015	10	18	0	59	0	0	-1.43	0.81	-8.61	-357.6	4.7	0	14.64	84023
2015	10	18	1	0	0	0	-1.7	0.52	-8.87	-357.5	4	-1.6	13.93	79697
2015	10	18	1	1	0	0	-2.05	0.22	-8.76	-357.5	3.9	-2	13.81	78844
2015	10	18	1	2	0	0	-2.23	0.49	-7.82	-358.8	4.2	3.4	16.19	86650
2015	10	18	1	3	0	0	-2.27	2.26	-7.52	-358.8	4.2	3.6	16.27	86903
2015	10	18	1	4	0	0	-2.35	4.04	-6.86	-358.8	4.2	3.6	16.27	86903
2015	10	18	1	5	0	0	-3.18	5.2	-5.63	-357.8	2.9	6	17.32	83722
2015	10	18	1	6	0	0	-4.35	4.72	-5.09	-357.8	2.9	6	17.32	83722
2015	10	18	1	7	0	0	-4.28	4.96	-5.14	-357.8	2.9	6	17.32	83722
2015	10	18	1	8	0	0	-4.23	5.13	-5.15	-357.8	2.9	6	17.32	83722
2015	10	18	1	9	0	0	-4.29	5.41	-5.04	-354.4	2.7	9.8	16.23	72847
2015	10	18	1	10	0	0	-4.04	6.57	-4.13	-356.1	1.3	8.6	17.01	77898
2015	10	18	1	11	0	0	-3.74	6.86	-4.34	-357.5	2.4	8.3	17.25	81733
2015	10	18	1	12	0	0	-3.64	7.22	-4.26	-357.9	4.2	8.7	17.02	82377
2015	10	18	1	13	0	0	-3.66	7.97	-3.43	-357.5	-1	5.3	16.57	82377
2015	10	18	1	14	0	0	-3.09	8.31	-3.58	-357.6	-1.1	5.3	16.57	82377
2015	10	18	1	15	0	0	-2.95	8.6	-2.85	-358.2	-1.8	5.6	16.59	82377
2015	10	18	1	16	0	0	-2.58	8.64	-2.96	-358.7	-2.1	5.5	16.83	79923
2015	10	18	1	17	0	0	-2.6	8.66	-3.02	-358.7	-2.1	5.5	16.85	79720
2015	10	18	1	18	0	0	-3.44	8.05	-3.59	-355.3	0.2	9.5	17.79	87362
2015	10	18	1	19	0	0	-3.12	8.55	-3.02	-355.3	0.2	9.5	17.79	87362
2015	10	18	1	20	0	0	-3.18	8.58	-3.02	-356	-1.1	4.9	17.97	82377
2015	10	18	1	21	0	0	-3.25	8.7	-2.96	-356	-1.1	4.9	17.95	82157
2015	10	18	1	22	0	0	-3.22	8.92	-2.7	-355.3	-1.7	5	17.51	77107
2015	10	18	1	23	0	0	-3.05	9.14	-2.55	-355.7	-2	4.4	17.39	76467
2015	10	18	1	24	0	0	-3.02	9.49	-2.05	-356.1	-2.4	3.7	17.26	75816
2015	10	18	1	25	0	0	-3.12	9.67	-1.73	-355.2	-3.2	3.1	16.4	76657
2015	10	18	1	26	0	0	-2.87	9.86	-1.29	-358.3	-2.5	0.3	17.98	86399
2015	10	18	1	27	0	0	2.62	6.98	5.59	-361.1	-1.9	-2.2	19.45	95353
2015	10	18	1	28	0	0	1.52	8.91	4.48	-357.8	-5.6	-2.4	16.2	80160
2015	10	18	1	29	0	0	-0.82	9.92	1.94	-358.8	-1.8	-0.2	15.5	72269
2015	10	18	1	30	0	0	-2.05	9.8	0.49	-358.6	-0.6	1.2	15.49	70117
2015	10	18	1	31	0	0	-2.28	10.04	-0.09	-356.9	-4.5	4.5	15.92	72428
2015	10	18	1	32	0	0	-1.78	9.98	0.63	-357.8	-4.2	2.9	16.26	74066
2015	10	18	1	33	0	0	-2.04	9.77	0.65	-357.1	-2.7	3.7	16.69	75976
2015	10	18	1	34	0	0	-2.32	9.74	0.83	-356.9	-2.1	4.1	16.94	76512
2015	10	18	1	35	0	0	-2.37	9.78	0.79	-357.4	-2.3	3.7	17.08	76245
2015	10	18	1	36	0	0	-2.22	9.78	1.2	-357.4	-2.3	3.7	17.08	76245
2015	10	18	1	37	0	0	-2.02	9.78	1.4	-358.5	-1.8	2.7	17.08	74112
2015	10	18	1	38	0	0	-2.71	9.56	1.16	-358.5	-1.8	2.7	17.08	74112
2015	10	18	1	39	0	0	-3.62	9.11	1.1	-358.5	-1.8	2.7	17.08	74112
2015	10	18	1	40	0	0	-2.85	9.47	1.67	-351.4	-1.6	0.1	15.36	67088
2015	10	18	1	41	0	0	-3.32	9.22	1.65	-351.4	-1.6	0.1	15.36	67088
2015	10	18	1	42	0	0	-2.05	9.63	1.51	-357.3	0.2	1.8	16.54	79407
2015	10	18	1	43	0	0	-1.25	9.94	2.07	-359.6	0.9	2.5	17	84173
2015	10	18	1	44	0	0	-1.66	9.9	2.1	-359.2	1.3	0.9	16.07	78408
2015	10	18	1	45	0	0	-1.44	9.92	2.13	-359.2	1.3	0.9	16.07	78408
2015	10	18	1	46	0	0	-1.85	9.98	2.21	-357.5	-1.3	-1.1	15.08	77539
2015	10	18	1	47	0	0	-1.93	10.03	2.38	-357.5	-1.3	-1.1	15.08	77539
2015	10	18	1	48	0	0	-2.34	9.84	2.16	-357.7	-1.4	-2.9	15.77	80155
2015	10	18	1	49	0	0	-2.44	9.83	2.32	-357.7	-1.4	-2.9	15.77	80160
2015	10	18	1	50	0	0	-2.24	9.93	2.69	-358.4	-0.6	-2.6	15.06	75936
2015	10	18	1	51	0	0	-2.1	9.95	2.24	-358.7	-0.2	-2.6	14.76	74139
2015	10	18	1	52	0	0	-1.88	9.52	3.05	-359.4	-0.3	-4.5	16.03	81573
2015	10	18	1	53	0	0	-1.67	9.29	3.41	-359.4	-0.3	-4.6	16.09	81932
2015	10	18	1	54	0	0	-0.1	8.44	5.57	-356.6	-4.6	0.4	16.8	74537
2015	10	18	1	55	0	0	-0.02	8.25	5.61	-356.6	-4.6	0.4	16.8	74537
2015	10	18	1	56	0	0	-0.49	7.9	5.55	-356.6	-4.6	0.4	16.8	74537
2015	10	18	1	57	0	0	-0.06	7.24	6.61	-356.6	-4.6	0.4	16.8	74537
2015	10	18	1	58	0	0	-0.19	7.09	6.37	-356.6	-4.6	0.4	16.8	74537
2015	10	18	1	59	0	0	-0.22	6.62	6.79	-358.1	-0.3	3.6	15.14	80160
2015	10	18	2	0	0	0	-0.14	5.64	7.4	-358.1	-0.3	3.6	15.14	80160
2015	10	18	2	1	0	0	-1.19	5.55	7.59	-358.1	-0.3	3.6	15.14	80160
2015	10	18	2	2	0	0	-0.74	4.73	7.41	-357.6	-1.1	2.8	15.78	82552
2015	10	18	2	3	0	0	-0.65	5.01	7.37	-357	-2.6	1.7	16.66	85551
2015	10	18	2	4	0	0	-0.29	5.18	7.19	-358.9	-1.1	4.2	16.27	85988
2015	10	18	2	5	0	0	-0.08	5	7.26	-358.9	-1.1	4.2	16.27	85988
2015	10	18	2	6	0	0	-0.08	5	7.26	-358.9	-1.1	4.2	16.27	85988
2015	10	18	2	7	0	0	-0.38	3.99	7.19	-356.3	-4.1	0	17.87	93442
2015	10	18	2	8	0	0	0	3.4	7.51	-356.8	-3.6	-0.5	17.67	91429
2015	10	18	2	9	0	0	0.25	2.92	7.62	-359	-2	-2.7	17.13	84489
2015	10	18	2	10	0	0	0.55	3.76	7.3	-360.1	-3	-4.3	17.87	85924
2015	10	18	2	11	0	0	-0.34	3.66	6.81	-365.7	-0.8	-6.5	17.86	87687
2015	10	18	2	12	0	0	-0.26	3.24	7.17	-367	2.5	-7.9	18.21	93165
2015	10	18	2	13	0	0	0.67	2.82	7.12	-363.7	0	-6.5	15.74	70422
2015	10	18	2	14	0	0	-0.67	3.99	6.83	-363.1	-2.1	-4.1	15.74	67892
2015	10	18	2	15	0	0	-0.86	4.31	6.88	-360	-5.5	2.7	17.49	81984
2015	10	18	2	16	0	0	-1.1	4.36	6.9	-356.9	-1.6	0	17.06	76245
2015	10	18	2	17	0	0	-0.77	4.53	7.58	-358.2	-0.7	0.5	17.05	77567
2015	10	18	2	18	0	0	-1.76	4.05	7.18	-360.3	0.7	0.5	16.93	79586
2015	10	18	2	19	0	0	-1.67	4.02	7.17	-356.6	-1.4	-1.4	17.07	78881
2015	10	18	2	20	0	0	-1.23	4.69	6.97	-356.9	-1.9	-1.4	17.48	79909
2015	10	18	2	21	0	0	-0.85	4.53	7.32	-356.9	-1.9	-1.4	17.48	79909
2015	10	18	2	22	0	0	-1.14	4.52	7.22	-356.9	-1.9	-1.4	17.48	79909
2015	10	18	2	23	0	0	-0.92	4.29	7.32	-359.2	-2.3	-2.6	17.53	77107
2015	10	18	2	24	0	0	-0.67	4.26	7.72	-359.2	-2.3	-2.6	17.53	77107
2015	10	18	2	25	0	0	-0.4	3.81	7.66	-359.2	-2.3	-2.6	17.53	77107
2015	10	18	2	26	0	0	-0.56	3.88	7.39	-358.8	-3.4	-2.6	17.88	81813
2015	10	18	2	27	0	0	-0.59	4.17	7.69	-357.1	-4.4	3.3	17.28	80188
2015	10	18	2	28	0	0	0.47	2.74	7.84	-360.2	-2.7	0	17.59	88744
2015	10	18	2	29	0	0	-0.44	4.35	7.78	-358.7	-5.8	-0.4	16.34	79392
2015	10	18	2	30	0	0	-1.08	5.54	7.59	-362.1	-1.6	0.6	15.42	73189
2015	10	18	2	31	0	0	-0.5	5.63	7.83	-362.3	1	1.6	14.51	69447
2015	10	18	2	32	0	0	-2.56	5.39	7.32	-362.3	1.2	1.7	14.43	69118
2015	10	18	2	33	0	0	-2.56	5.39	7.32	-362.3	1.2	1.7	14.43	69118
2015	10	18	2	34	0	0	-2.56	5.39	7.32	-362.3	1.2	1.7	14.43	69118
2015	10	18	2	35	0	0	-2.56	5.39	7.32	-362.3	1.2	1.7	14.43	69118
2015	10	18	2	36	0	0	-2.82	5.72	7.08	-365.9	3.9	1.4	16.37	72428
2015	10	18	2	37	0	0	-2.73	5.73	6.97	-365.9	3.9	1.4	16.37	72428
2015	10	18	2	38	0	0	-2.74	5.73	7.08	-365.9	3.9	1.4	16.37	72428
2015	10	18	2	39	0	0	-2.81	5.67	7.12	-365.9	3.9	1.4	16.37	72428
2015	10	18	2	40	0	0	-2.71	5.55	7.19	-365.9	3.9	1.4	16.37	72428
2015	10	18	2	41	0	0	-2.4	5.64	7.21	-365.9	3.9	1.4	16.37	72428
2015	10	18	2	42	0	0	-2.35	5.57	7.33	-365.9	3.9	1.4	16.37	72428
2015	10	18	2	43	0	0	-2.23	5.43	7.46	-365.9	3.9	1.4	16.37	72428
2015	10	18	2	44	0	0	-2.38	5.21	7.57	-365.6	5.9	0.4	16.24	72010
2015	10	18	2	45	0	0	-2.46	5.36	7.46	-365.6	5.9	0.4	16.24	72010
2015	10	18	2	46	0	0	-2.47	5.31	7.56	-365.6	5.9	0.4	16.24	72010
2015	10	18	2	47	0	0	-2.61	5.4	7.62	-365.6	5.9	0.4	16.24	72010
2015	10	18	2	48	0	0	-2.63	5.16	7.65	-365.4	5	-1.3	16.42	72428
2015	10	18	2	49	0	0	-2.65	5.65	7.25	-365.4	5	-1.4	16.44	72598
2015	10	18	2	50	0	0	-2.52	5.14	7.53	-365.8	5.4	-2.8	16.95	76675
2015	10	18	2	51	0	0	-2.59	4.97	7.66	-365.8	5.4	-2.8	16.95	76675
2015	10	18	2	52	0	0	-2.13	3.48	7.76	-364.3	3.4	-5.3	17.79	69527
2015	10	18	2	53	0	0	-1.33	2.3	8.08	-364.2	2.9	-6.9	18.22	72172
2015	10	18	2	54	0	0	-1.46	1.82	8.02	-363.9	1.1	-12	19.6	80601
2015	10	18	2	55	0	0	-1.61	2.21	7.89	-363.9	1.1	-12	19.6	80601
2015	10	18	2	56	0	0	-1.75	2.43	7.91	-363.9	-1.6	-13.2	20.18	77539
2015	10	18	2	57	0	0	-2	2.55	7.74	-363.9	-1.6	-13.2	20.18	77539
2015	10	18	2	58	0	0	-1.98	2.02	7.84	-365.1	1.7	-12.5	20.21	76675
2015	10	18	2	59	0	0	-2.53	2.77	7.16	-365.4	3.3	-11.7	19.44	77533
2015	10	18	3	0	0	0	-2.43	4.46	6.79	-365.7	4.8	-10.8	18.69	78368
2015	10	18	3	1	0	0	-2.05	5.47	5.8	-369.3	-2.4	-7.3	20.27	78844
2015	10	18	3	2	0	0	-2.41	4.9	6.62	-369.4	0.9	-8.7	19.55	83109
2015	10	18	3	3	0	0	-2.26	5.41	6.21	-365.7	2.4	-8.5	18.44	79280
2015	10	18	3	4	0	0	-2.05	5.75	6.54	-366	3.6	-9.9	18.59	77437
2015	10	18	3	5	0	0	-0.33	6.78	4.55	-366.7	-1.8	-11.1	20.07	79242
2015	10	18	3	6	0	0	-1.84	6.13	5.77	-366.9	0	-10.4	19.01	73792
2015	10	18	3	7	0	0	-2.3	5.08	5.24	-367.1	1.3	-9.8	18.24	69791
2015	10	18	3	8	0	0	-1.96	6.4	3.95	-368.5	1	-11.5	19.92	78408
2015	10	18	3	9	0	0	-3.24	6.56	3.42	-368.6	0.9	-11.4	19.94	78625
2015	10	18	3	10	0	0	-2.08	6.41	1.41	-370.7	-1.7	-6.7	20.78	87398
2015	10	18	3	11	0	0	-1.77	6.39	2.74	-371.5	-0.3	-5.3	21.03	90979
2015	10	18	3	12	0	0	-1.98	4.67	4.95	-371.6	1.3	-5.1	21.06	92020
2015	10	18	3	13	0	0	-1.67	5.18	2.12	-371.5	0.8	-2.8	22.37	90163
2015	10	18	3	14	0	0	-0.89	7.14	-1.59	-371.7	-1.1	0	21.88	88853
2015	10	18	3	15	0	0	-1.59	7.21	-2.17	-372	-3.4	3.3	21.3	87362
2015	10	18	3	16	0	0	-1.13	5.62	-5.31	-371.6	0.9	4.3	18.1	89676
2015	10	18	3	17	0	0	-1.27	4.72	-6.73	-371.7	1	3.7	18.27	90299
2015	10	18	3	18	0	0	-1.07	4.43	-6.88	-372.5	1.4	-0.4	19.29	94171
2015	10	18	3	19	0	0	-1	4.49	-7.26	-371.7	1	-0.7	18.48	96826
2015	10	18	3	20	0	0	-0.68	4.46	-8.05	-374.2	1.2	0.7	19.06	99098
2015	10	18	3	21	0	0	-1.96	5.26	-2.04	-377.9	1.2	15	24.61	100591
2015	10	18	3	22	0	0	-3.14	4.47	7.35	-374.8	-0.4	-7.2	22.69	88628
2015	10	18	3	23	0	0	-2.89	4.9	7.11	-374.3	-0.6	-10.7	22.3	86900
2015	10	18	3	24	0	0	-2.58	4.72	7.39	-372.3	-1.5	-10.6	22	82824
2015	10	18	3	25	0	0	-3.82	5.49	5.24	-372.3	-1.5	-10.4	22.03	82923
2015	10	18	3	26	0	0	-5.09	6.57	3.68	-371.7	-1.8	-5.5	22.85	85532
2015	10	18	3	27	0	0	-4.61	6.42	3.86	-371.7	-2.4	-4.7	22.87	85093
2015	10	18	3	28	0	0	-4.54	6.7	3.77	-371.6	-3.1	-3.9	22.9	84620
2015	10	18	3	29	0	0	-4.16	6.62	3.92	-372.5	-2.6	-5.9	22.7	84179
2015	10	18	3	30	0	0	-3.79	5.99	5.13	-372.5	-4	-5.2	23.18	83412
2015	10	18	3	31	0	0	-3.62	6.89	4.69	-373	-2.4	-4.7	23.35	83808
2015	10	18	3	32	0	0	-3.6	6.42	4.71	-373.8	0.4	-4.1	23.48	84625
2015	10	18	3	33	0	0	-3.45	5.71	5.57	-373.8	0.4	-4.1	23.48	84625
2015	10	18	3	34	0	0	-3.19	6.79	4.12	-372.3	-4.6	-4.9	23.21	83273
2015	10	18	3	35	0	0	-3.63	6.96	3.58	-372.3	-4.6	-4.9	23.21	83273
2015	10	18	3	36	0	0	-3.74	6.81	3.65	-372.3	-4.6	-4.9	23.21	83273
2015	10	18	3	37	0	0	-3.56	6.71	3.86	-372.3	-4.6	-4.9	23.21	83273
2015	10	18	3	38	0	0	-3.18	6.62	4.02	-372.3	-4.6	-4.9	23.21	83273
2015	10	18	3	39	0	0	-3.17	6.68	3.94	-372.9	-4.7	-4.7	23.91	84173
2015	10	18	3	40	0	0	-3.16	6.63	4.03	-372.9	-4.7	-4.7	23.91	84172
2015	10	18	3	41	0	0	-3.12	6.75	3.81	-371.8	-5.2	-3.7	23.74	83767
2015	10	18	3	42	0	0	-3.83	6.52	3.24	-371.7	-5.1	-3.6	23.72	83798
2015	10	18	3	43	0	0	-3.18	7.28	2.46	-372.2	-3.5	-2.9	23.66	85988
2015	10	18	3	44	0	0	-3.01	7.21	2.45	-372.2	-3.5	-2.9	23.66	85988
2015	10	18	3	45	0	0	-2.63	7.3	2.34	-371.7	-2.9	-2.2	23.71	88893
2015	10	18	3	46	0	0	-2.63	7.3	2.34	-371.5	-2.8	-2.1	23.67	89042
2015	10	18	3	47	0	0	-2.46	7.86	1.17	-371.5	-2.8	-2.1	23.67	89042
2015	10	18	3	48	0	0	-2.41	7.8	1.04	-371.6	-2.5	0.4	23.33	91199
2015	10	18	3	49	0	0	-2.19	7.85	0.61	-372.3	-3.2	1.2	23.52	90562
2015	10	18	3	50	0	0	-2.19	7.85	0.61	-372.3	-3.2	1.2	23.52	90562
2015	10	18	3	51	0	0	-2.9	7.58	1.88	-364.3	-36.4	-4.1	22.36	197255
2015	10	18	3	52	0	0	-2.62	7.78	1.17	-364.3	-36.4	-4.1	22.36	197222
2015	10	18	3	53	0	0	-2.21	7.53	-0.31	-370.9	-2.6	0.9	22.98	83273
2015	10	18	3	54	0	0	-2.28	7.56	-1.6	-370.9	-2.6	1	23.02	83904
2015	10	18	3	55	0	0	-2.35	7.4	-1.53	-370.9	-2.6	1.5	23.28	87822
2015	10	18	3	56	0	0	-1.88	7.78	0.12	-370.5	-4.5	1.9	23.46	89052
2015	10	18	3	57	0	0	-2.02	7.75	-0.1	-370.5	-4.7	1.9	23.47	89177
2015	10	18	3	58	0	0	-2.06	7.74	-0.09	-370.9	-4.6	1.7	22.98	87822
2015	10	18	3	59	0	0	-2.06	7.33	-0.32	-371.4	-4.7	1.9	23.5	89054
2015	10	18	4	0	0	0	-1.55	6.7	-2.93	-372.2	-4.5	2.8	23.91	90140
2015	10	18	4	1	0	0	-0.75	4.53	-4.29	-373.6	-3.9	5.3	24.36	91549
2015	10	18	4	2	0	0	-0.75	4.63	-4.31	-374.3	-1.8	8.3	24.91	98746
2015	10	18	4	3	0	0	-0.04	3.71	-3.83	-374.3	-1.8	8.3	24.91	98746
2015	10	18	4	4	0	0	-0.34	1.66	-5.14	-374.6	-1.9	6.5	25.48	92493
2015	10	18	4	5	0	0	-0.35	0.69	-5.24	-374.6	-1.9	6.5	25.48	92493
2015	10	18	4	6	0	0	-0.24	-2.38	-6.2	-372.9	-4.4	7.2	24.72	82824
2015	10	18	4	7	0	0	0.45	-2.75	-6.19	-372.9	-4.4	7.2	24.72	82824
2015	10	18	4	8	0	0	0.03	-2.56	-5.69	-373	-2.8	10.7	24.98	85078
2015	10	18	4	9	0	0	-0.16	-2.89	-5.35	-373	-2.8	10.7	24.95	85228
2015	10	18	4	10	0	0	0.28	-3.22	-5.73	-375.1	-1.8	12.2	24.11	83469
2015	10	18	4	11	0	0	1.73	3.88	-0.08	-375.4	-1.4	12.4	24.08	81951
2015	10	18	4	12	0	0	1.39	-0.13	-3.32	-373.7	-3.7	10.2	25.56	88747
2015	10	18	4	13	0	0	1.44	-4.01	-6.73	-373.7	-3.7	10.2	25.56	88747
2015	10	18	4	14	0	0	1.35	-4.37	-6.46	-373.7	-3.7	10.2	25.56	88747
2015	10	18	4	15	0	0	1.14	-4.48	-6.41	-373.7	-3.7	10.2	25.56	88747
2015	10	18	4	16	0	0	1.83	-4.62	-6.13	-373.7	-3.7	10.2	25.56	88747
2015	10	18	4	17	0	0	1.19	-4.22	-6.53	-374.6	-0.5	11.8	23.44	69527
2015	10	18	4	18	0	0	1.21	-3.98	-6.85	-374.6	-0.5	11.8	23.44	69527
2015	10	18	4	19	0	0	1.44	-4.34	-6.83	-374.6	-0.5	11.8	23.44	69527
2015	10	18	4	20	0	0	1.34	-4.12	-7.04	-374.6	-0.5	11.8	23.44	69527
2015	10	18	4	21	0	0	1.23	-4.01	-7.01	-374.7	-2.1	10.9	23.56	71593
2015	10	18	4	22	0	0	1.32	-3.94	-6.99	-374.7	-2.1	10.9	23.56	71593
2015	10	18	4	23	0	0	1.36	-3.76	-6.93	-375.6	-3.5	10	23.8	74296
2015	10	18	4	24	0	0	1.64	-3.57	-7.11	-375.8	-3.9	9.6	23.77	74826
2015	10	18	4	25	0	0	1.25	-3.31	-7.13	-376.4	-3.2	8.7	24.27	74982
2015	10	18	4	26	0	0	0.67	-2.56	-7.11	-376.2	-3.8	8.3	24.65	76395
2015	10	18	4	27	0	0	1.76	-1.99	-6.78	-377.9	-2.5	9.7	26.83	93442
2015	10	18	4	28	0	0	0.81	-3.15	-5.62	-377.9	-2.5	9.7	26.83	93442
2015	10	18	4	29	0	0	0.8	-0.74	-5.34	-377.9	-2.5	9.7	26.83	93442
2015	10	18	4	30	0	0	1.12	0.73	-4.69	-377.5	-4.6	10.8	28.03	85532
2015	10	18	4	31	0	0	1.13	3.21	-4.61	-377.5	-4.6	10.8	28.03	85547
2015	10	18	4	32	0	0	0.2	3.91	-2.36	-376.7	-6.2	9.6	27.78	91508
2015	10	18	4	33	0	0	1.72	1.35	-5.79	-376	-4.9	7	26.97	86553
2015	10	18	4	34	0	0	2.4	0.64	-6.26	-375.2	-3.7	3.6	25.88	80907
2015	10	18	4	35	0	0	1.82	-0.68	-6.34	-374.7	-4.9	1.9	25.32	80350
2015	10	18	4	36	0	0	2.2	0.01	-6.58	-374.1	-5.4	2.1	25.84	78160
2015	10	18	4	37	0	0	2.21	-0.35	-6.76	-373.4	-4.8	0.5	26.08	75115
2015	10	18	4	38	0	0	2.46	-0.21	-6.49	-373.4	-5.1	0.6	26.21	75681
2015	10	18	4	39	0	0	2.63	0.18	-6.11	-373.8	-6.4	1.8	26.68	78045
2015	10	18	4	40	0	0	2.69	-2.66	-5.42	-374.3	-6.8	2.5	27.12	79267
2015	10	18	4	41	0	0	2.67	-2.56	-4.92	-377.7	-2.5	9.1	25.3	82377
2015	10	18	4	42	0	0	2.81	-2.44	-5.98	-377.6	-2.8	9	25.78	82724
2015	10	18	4	43	0	0	1.92	-1.03	-5.17	-377.2	-3.3	7.6	26.38	81560
2015	10	18	4	44	0	0	2.3	-1.76	-5.61	-375.3	-4.4	5.4	26.24	75626
2015	10	18	4	45	0	0	1.75	-0.43	-5.59	-372.1	-5.8	5.3	25.29	65193
2015	10	18	4	46	0	0	4.69	-5.73	-7.59	-375.5	-2.9	5.1	23	38775
2015	10	18	4	47	0	0	4.8	-5.69	-7.11	-377.3	-0.4	3.9	22.19	28915
2015	10	18	4	48	0	0	5.08	-5.24	-7.95	-377.5	1.7	1.3	22.46	29597
2015	10	18	4	49	0	0	5.2	-4.45	-8.26	-377.8	-0.4	1.2	23.35	28756
2015	10	18	4	50	0	0	5.1	-4.27	-8.34	-377.5	-1.7	1.5	23.36	29816
2015	10	18	4	51	0	0	5.02	-5.01	-8.28	-377.5	-1.7	1.5	23.36	29817
2015	10	18	4	52	0	0	5.06	-5.14	-8.29	-377.6	2.2	0.9	22.5	28489
2015	10	18	4	53	0	0	5.03	-5.28	-8.2	-377.6	2.2	0.9	22.5	28489
2015	10	18	4	54	0	0	5.1	-5.41	-8.09	-377.5	3.1	-0.4	22.98	29282
2015	10	18	4	55	0	0	5	-5.35	-8.11	-377.6	3.3	-0.2	23.14	29411
2015	10	18	4	56	0	0	5.29	-5.12	-7.73	-377.8	3.9	0.3	23.63	29817
2015	10	18	4	57	0	0	5.72	-4.95	-7.55	-378.2	3.7	-0.3	24.31	30808
2015	10	18	4	58	0	0	5.75	-4.99	-7.49	-378.2	3.7	-0.4	24.37	30901
2015	10	18	4	59	0	0	5.41	-5.5	-7.54	-378.5	5.1	0.3	23.63	29549
2015	10	18	5	0	0	0	5.39	-5.64	-7.36	-378.5	5.3	0.1	23.98	29620
2015	10	18	5	1	0	0	5.44	-5.25	-7.61	-378.5	5.8	-0.5	24.97	29817
2015	10	18	5	2	0	0	5.02	-5.17	-8.09	-377.6	5.4	0	24.17	29817
2015	10	18	5	3	0	0	4.75	-5.33	-8.1	-377.5	5.3	0.1	24.04	29817
2015	10	18	5	4	0	0	4.6	-5.51	-8.11	-377.5	4.7	-0.4	23.69	29549
2015	10	18	5	5	0	0	4.53	-5.49	-8.11	-377.8	4.8	-0.3	23.95	29981
2015	10	18	5	6	0	0	4.59	-5.39	-8.01	-378.3	5	-0.2	24.51	30901
2015	10	18	5	7	0	0	4.72	-5.36	-7.92	-378.5	6.4	-0.4	24.65	31165
2015	10	18	5	8	0	0	4.99	-5.21	-7.91	-378.5	6.4	-0.5	24.64	31205
2015	10	18	5	9	0	0	4.94	-5.37	-7.94	-378.7	5.5	-2.2	24.34	31727
2015	10	18	5	10	0	0	4.75	-5.49	-7.95	-378	4.7	-2.6	24.45	35780
2015	10	18	5	11	0	0	4.73	-5.56	-7.89	-377.7	4.4	-2.7	24.49	37515
2015	10	18	5	12	0	0	4.79	-5.72	-7.02	-377.8	3.2	-5.4	24.84	39959
2015	10	18	5	13	0	0	4.96	-4.93	-7.85	-379.4	3.6	-4	24.95	37962
2015	10	18	5	14	0	0	4.61	-5.22	-8.05	-380.3	3.8	-3.2	25.01	36910
2015	10	18	5	15	0	0	4.68	-4.76	-8.34	-380.8	5.9	-2.3	24.51	33127
2015	10	18	5	16	0	0	5.01	-4.26	-8.4	-380.8	5.9	-2.3	24.51	33130
2015	10	18	5	17	0	0	4.56	-4.32	-8.52	-379.8	7.8	-5.2	24.82	35431
2015	10	18	5	18	0	0	4.34	-4.5	-8.69	-380.3	7.9	-4.7	24.97	33490
2015	10	18	5	19	0	0	4.02	-4.79	-8.29	-380.8	8	-4	25.15	31175
2015	10	18	5	20	0	0	4.06	-4.73	-8.47	-380	7.8	-5.4	24.62	35112
2015	10	18	5	21	0	0	4.32	-4.63	-8.79	-381.4	7.7	-5.7	24.93	33935
2015	10	18	5	22	0	0	3.83	-4.72	-8.78	-383.3	7.5	-6	25.36	32283
2015	10	18	5	23	0	0	3.43	-4.67	-8.92	-381.2	5.7	-6.6	24.4	34558
2015	10	18	5	24	0	0	2.84	-4.67	-9.02	-381.4	5.9	-6.6	24.65	34636
2015	10	18	5	25	0	0	2.68	-4.69	-9.02	-382.6	7.3	-6.6	26.31	35139
2015	10	18	5	26	0	0	1.68	-5.01	-9.02	-382.4	6	-8	25.71	40491
2015	10	18	5	27	0	0	1.89	-4.43	-9.02	-382.4	5.8	-8.2	25.63	41213
2015	10	18	5	28	0	0	1.76	-5.04	-9.04	-381.5	6.1	-8.2	24.96	35431
2015	10	18	5	29	0	0	2.38	-5.26	-9.41	-381.9	6	-7.8	24.89	35543
2015	10	18	5	30	0	0	2.19	-5.2	-9.79	-384.4	5.1	-4.9	24.39	36315
2015	10	18	5	31	0	0	2.15	-5.37	-9.88	-384.7	2.9	-3.8	23.34	32840
2015	10	18	5	32	0	0	1.62	-5.78	-9.83	-384.7	2.7	-3.7	23.26	32564
2015	10	18	5	33	0	0	1.48	-4.72	-9.62	-384.7	2.7	-3.7	23.26	32564
2015	10	18	5	34	0	0	2	-5.5	-8.36	-373.2	-17.3	-4.6	25.97	60796
2015	10	18	5	35	0	0	0.31	-3.17	-8.73	-374.3	-17.2	-3.8	26.61	62450
2015	10	18	5	36	0	0	-0.37	3.15	-7.55	-378.4	-16.8	-0.7	28.8	68499
2015	10	18	5	37	0	0	-2.31	5.95	-5.53	-385.9	-4	7	26.24	86835
2015	10	18	5	38	0	0	2.48	-4.37	-3.38	-391.9	9.6	-1.3	26.39	98497
2015	10	18	5	39	0	0	1.77	-6.1	2.46	-393.1	12.2	-2.9	26.42	100711
2015	10	18	5	40	0	0	2.2	-7.87	-2.1	-389.8	13.2	-10.5	23.82	80160
2015	10	18	5	41	0	0	2.14	-10.21	0.39	-389.6	12.8	-10.6	23.48	79775
2015	10	18	5	42	0	0	2.3	-9.9	2.66	-387.6	7.3	-11.6	19.22	74962
2015	10	18	5	43	0	0	2.23	-10.12	-0.62	-387.7	7.7	-11.6	19.22	75429
2015	10	18	5	44	0	0	3.1	-9.79	-3.24	-389	17.5	-10.5	19.13	87362
2015	10	18	5	45	0	0	2.73	-10.11	0.97	-390	13	3.4	19.03	80245
2015	10	18	5	46	0	0	2.81	-9.95	0.63	-390.6	10.2	12	18.96	75816
2015	10	18	5	47	0	0	3.03	-10.27	-0.11	-387.2	6.9	0	17.55	82824
2015	10	18	5	48	0	0	2.91	-11.15	1.72	-387.5	7.3	-2.7	17.25	79258
2015	10	18	5	49	0	0	2.78	-10.56	4.73	-388.8	8.6	-12.9	16.11	65886
2015	10	18	5	50	0	0	2.78	-9.78	6.29	-387.2	2.6	-23.1	15.41	71521
2015	10	18	5	51	0	0	2.95	-10.68	5	-387.2	2.5	-23.2	15.4	71593
2015	10	18	5	52	0	0	3.06	-11.11	3.21	-386.8	9.8	-4.3	14.47	58140
2015	10	18	5	53	0	0	1.38	-10.61	4.43	-386.8	9.8	-4.3	14.47	58140
2015	10	18	5	54	0	0	1.21	-7.68	6.79	-375.1	-14.2	-28	19.35	86903
2015	10	18	5	55	0	0	0.81	-6.26	6.51	-375.3	-13.9	-27.9	19.35	87802
2015	10	18	5	56	0	0	1.75	-7.12	4.91	-380.6	-5.2	-23.3	19.44	115536
2015	10	18	5	57	0	0	2.66	-7.69	4.05	-385.5	-2.1	-22	19.03	116007
2015	10	18	5	58	0	0	2.94	-8.4	3.81	-386.2	-1.6	-21.7	18.93	115794
2015	10	18	5	59	0	0	2.87	-8.5	4.04	-387.2	0.9	-19	18.02	110826
2015	10	18	6	0	0	0	3.46	-8.97	3.24	-387.2	0.9	-19	18.02	110826
2015	10	18	6	1	0	0	2.56	-8.84	3.69	-387.2	0.9	-19	18.02	110826
2015	10	18	6	2	0	0	2.56	-8.84	3.69	-387.2	0.9	-19	18.02	110826
2015	10	18	6	3	0	0	2.56	-8.84	3.69	-387.2	0.9	-19	18.02	110826
2015	10	18	6	4	0	0	2.56	-8.84	3.69	-387.2	0.9	-19	18.02	110826
2015	10	18	6	5	0	0	2.56	-8.84	3.69	-387.2	0.9	-19	18.02	110826
2015	10	18	6	6	0	0	2.56	-8.84	3.69	-387.2	0.9	-19	18.02	110826
2015	10	18	6	7	0	0	2.56	-8.84	3.69	-387.2	0.9	-19	18.02	110826
2015	10	18	6	8	0	0	4.28	-9.32	-4.5	-387.2	0.9	-19	18.02	110826
2015	10	18	6	9	0	0	4.33	-7.9	-5.96	-387.2	0.9	-19	18.02	110826
2015	10	18	6	10	0	0	4.12	-8.08	-5.68	-387.2	0.9	-19	18.02	110826
2015	10	18	6	11	0	0	4.12	-8.08	-5.68	-387.2	0.9	-19	18.02	110826
2015	10	18	6	12	0	0	4.06	-7.9	-6.54	-393.7	4.5	10.4	18.62	96800
2015	10	18	6	13	0	0	3.8	-7.63	-6.77	-393.7	4.5	10.4	18.62	96800
2015	10	18	6	14	0	0	3.38	-7.62	-6.81	-393.7	4.5	10.4	18.62	96800
2015	10	18	6	15	0	0	3.09	-8.25	-6.4	-393.7	4.5	10.4	18.62	96800
2015	10	18	6	16	0	0	3.03	-8.66	-5.71	-393.7	4.5	10.4	18.62	96800
2015	10	18	6	17	0	0	3.03	-8.66	-5.71	-393.7	4.5	10.4	18.62	96800
2015	10	18	6	18	0	0	3.03	-8.66	-5.71	-393.7	4.5	10.4	18.62	96800
2015	10	18	6	19	0	0	3.03	-8.66	-5.71	-393.7	4.5	10.4	18.62	96800
2015	10	18	6	20	0	0	4.7	-7.55	-5.69	-393.7	4.5	10.4	18.62	96800
2015	10	18	6	21	0	0	5.36	-6.89	-5.92	-398.5	8.4	13.3	20.77	92493
2015	10	18	6	22	0	0	6.05	-6.69	-6.14	-398.5	8.4	13.3	20.77	92493
2015	10	18	6	23	0	0	5.75	-6.99	-5.87	-397.9	7.9	12.1	21.88	100218
2015	10	18	6	24	0	0	3.82	-8.25	-5.08	-397.9	7.9	12.1	21.88	100218
2015	10	18	6	25	0	0	4.72	-8.04	-4.89	-398	7.5	10.8	20.69	97285
2015	10	18	6	26	0	0	4.95	-8.17	-4.74	-398	7.5	10.8	20.69	97285
2015	10	18	6	27	0	0	2.31	-7.55	-7.01	-396.4	4.1	10.2	20.03	109278
2015	10	18	6	28	0	0	5.33	-8.09	-4.73	-396.4	4.1	10.2	20.03	109278
2015	10	18	6	29	0	0	5.58	-8.73	-4.31	-399	4.5	7.4	20.64	99453
2015	10	18	6	30	0	0	5.88	-8.7	-3.8	-399.2	4.5	7.2	20.68	98746
2015	10	18	6	31	0	0	6.14	-8.73	-3.56	-397.6	1.4	5.3	17.64	121969
2015	10	18	6	32	0	0	7.08	-8.22	-3.64	-397.6	1.4	5.3	17.64	121969
2015	10	18	6	33	0	0	6.78	-8.39	-3.71	-397.6	1.4	5.3	17.64	121969
2015	10	18	6	34	0	0	5.54	-8.89	-4.41	-395.9	6.4	6.7	20.47	96317
2015	10	18	6	35	0	0	5.85	-9.05	-4.37	-395.8	6.4	6.6	20.45	96207
2015	10	18	6	36	0	0	4.25	-9.88	-2.9	-391.2	4.9	0.7	19.51	92683
2015	10	18	6	37	0	0	3.61	-10.78	-2.34	-391	5	2.1	19.81	94444
2015	10	18	6	38	0	0	3.61	-10.78	-2.34	-391	5	2.1	19.81	94444
2015	10	18	6	39	0	0	3.61	-10.78	-2.34	-391	5	2.1	19.81	94444
2015	10	18	6	40	0	0	-2.86	-10.03	2.24	-391	5	2.1	19.81	94444
2015	10	18	6	41	0	0	-2.83	-10.07	2.11	-391	5	2.1	19.81	94444
2015	10	18	6	42	0	0	-3.14	-9.83	2.51	-371.5	10.6	-13.8	23.09	104196
2015	10	18	6	43	0	0	-1.19	-10.41	1.82	-371.5	10.6	-13.8	23.09	104196
2015	10	18	6	44	0	0	1.42	-8.84	2.46	-378.2	8.2	-15.4	21.39	114377
2015	10	18	6	45	0	0	2.35	-8.91	2.13	-379.2	9.5	-14	22.4	112543
2015	10	18	6	46	0	0	3.3	-8.96	1.49	-382.9	8	-16.5	21.55	112408
2015	10	18	6	47	0	0	3.23	-8.6	2.4	-383.3	4.2	-17.6	22.91	113727
2015	10	18	6	48	0	0	3.72	-7.82	2.77	-381.7	4	-22	23.9	117388
2015	10	18	6	49	0	0	5.55	-5.92	-5.94	-389.5	4.3	-10.6	24.24	132880
2015	10	18	6	50	0	0	2.49	-7.63	-2.86	-398.1	-11.2	18	17.43	95531
2015	10	18	6	51	0	0	-1.25	-10.82	2.4	-396.5	-10.5	17.9	17.11	96733
2015	10	18	6	52	0	0	5.88	-7.16	-5.88	-360.2	7.6	12.6	10.57	127462
2015	10	18	6	53	0	0	7.74	-5.56	-8.91	-370.7	2.9	14.2	12.29	116845
2015	10	18	6	54	0	0	7.8	-5.26	-9.01	-397.9	-9.5	18.4	16.75	89211
2015	10	18	6	55	0	0	7.8	-5.26	-9.01	-397.9	-9.5	18.4	16.75	89211
2015	10	18	6	56	0	0	7.8	-5.26	-9.01	-397.9	-9.5	18.4	16.75	89211
2015	10	18	6	57	0	0	8.16	-4.83	-9.39	-397.9	-9.5	18.4	16.75	89211
2015	10	18	6	58	0	0	8.6	-5.16	-8.94	-396.5	-9.4	19.7	17.48	96317
2015	10	18	6	59	0	0	8.41	-5.19	-8.78	-396.5	-9.4	19.7	17.48	96317
2015	10	18	7	0	0	0	8.24	-3.69	-9.85	-397.6	-9.9	19.3	16.5	90475
2015	10	18	7	1	0	0	8.18	-3.85	-9.87	-397.8	-10	19.2	16.37	89681
2015	10	18	7	2	0	0	8.11	-3.78	-10.07	-394.9	-7.6	11.5	17.04	92493
2015	10	18	7	3	0	0	8.37	-3.81	-9.54	-394.9	-7.6	11.5	17.04	92493
2015	10	18	7	4	0	0	8.69	-1.53	-9.92	-400	-6.4	15.7	16.94	92493
2015	10	18	7	5	0	0	8.28	-1.94	-10.22	-399.9	-6.5	15.7	16.93	92433
2015	10	18	7	6	0	0	7.58	1.14	-10.24	-394.8	-12.1	15.1	16.01	86750
2015	10	18	7	7	0	0	7.36	1.37	-10.06	-395.7	-6.7	19.2	17.91	95980
2015	10	18	7	8	0	0	7.6	1.87	-10.09	-395.9	-5.7	20	18.28	97759
2015	10	18	7	9	0	0	6.68	2.17	-9.99	-395.3	-9.3	20.9	17.87	96800
2015	10	18	7	10	0	0	6.72	2.84	-10.01	-395.3	-9.3	20.9	17.9	96743
2015	10	18	7	11	0	0	5.63	3.09	-9.86	-394.6	-9.5	22.1	19.39	93918
2015	10	18	7	12	0	0	5.6	3	-9.81	-395.1	-10.5	24.6	19.69	92106
2015	10	18	7	13	0	0	5.83	1.64	-9.34	-395.5	-11.2	27.2	19.99	90517
2015	10	18	7	14	0	0	5.35	0.9	-9.43	-395.8	-10.4	29.3	20.3	90184
2015	10	18	7	15	0	0	3.23	6.85	-6.61	-396.4	-8.2	27.3	20.91	90609
2015	10	18	7	16	0	0	1.17	9.39	-4.61	-381.1	-26.2	6.5	17.91	112824
2015	10	18	7	17	0	0	3.6	0.29	-8.9	-380.3	-27.1	5.4	17.76	113955
2015	10	18	7	18	0	0	3.39	0.98	-9.14	-391.3	-7.1	26.2	19.69	103695
2015	10	18	7	19	0	0	2.48	1.18	-8.85	-391.3	-7.1	26.2	19.69	103695
2015	10	18	7	20	0	0	-0.51	6.56	-6.21	-387	-20.5	34.4	17.83	91778
2015	10	18	7	21	0	0	-4.97	10.72	2.01	-383.2	-25.8	32.5	14.78	98503
2015	10	18	7	22	0	0	-4.55	10.9	-1.56	-382.5	-25.8	31.6	13.86	106075
2015	10	18	7	23	0	0	-4.45	10.52	-2.58	-385.4	-24	37.8	15.8	103927
2015	10	18	7	24	0	0	-5.8	9.93	-1.99	-386.4	-22.3	39.7	15.53	101195
2015	10	18	7	25	0	0	-5.45	9.73	-3.67	-383.6	-21.8	39.9	15.6	98944
2015	10	18	7	26	0	0	-4.98	9.65	-4.81	-385.1	-22.4	41.7	15.88	97376
2015	10	18	7	27	0	0	-4.73	9.71	-5.51	-387.9	-18.1	42.6	15.03	92093
2015	10	18	7	28	0	0	-4.32	9.72	-5.89	-387.9	-18.1	42.6	15.02	92020
2015	10	18	7	29	0	0	-4.47	9.58	-5.71	-389.3	-16.2	40.5	15.63	93910
2015	10	18	7	30	0	0	-4.44	9.39	-5.8	-389.3	-16.2	40.5	15.63	93928
2015	10	18	7	31	0	0	-4	9.33	-5.99	-389.7	-14.8	37.3	16.15	98746
2015	10	18	7	32	0	0	-4.13	9.18	-5.67	-389.5	-14.3	36.7	16.02	99697
2015	10	18	7	33	0	0	-3.7	9.04	-5.84	-391.2	-14.1	35.9	16.04	106250
2015	10	18	7	34	0	0	-3.54	8.28	-6.57	-395.9	-17.4	34.1	16.35	114213
2015	10	18	7	35	0	0	-2.06	10.41	-4.19	-397.2	-19.5	30.9	16.06	113431
2015	10	18	7	36	0	0	-2.75	10.04	-4.81	-397.2	-19.5	30.9	16.06	113431
2015	10	18	7	37	0	0	-3.11	9.21	-5.85	-392.1	-11.7	36.5	13.68	104196
2015	10	18	7	38	0	0	-3.96	8.55	-6.36	-392.1	-11.7	36.5	13.69	104198
2015	10	18	7	39	0	0	-3.84	9.25	-5.52	-391.4	-16	33.4	16.03	104675
2015	10	18	7	40	0	0	-4.15	9.08	-5.54	-391.5	-16.3	33.1	16.13	104756
2015	10	18	7	41	0	0	-3.54	9.21	-5.13	-393.8	-17.1	33.3	15.53	109422
2015	10	18	7	42	0	0	-3.09	9.6	-4.53	-393	-14.5	36.6	15.69	110729
2015	10	18	7	43	0	0	-3.52	9.1	-5.13	-407.1	-1.7	48.2	16.26	119805
2015	10	18	7	44	0	0	1.57	4.66	-8.64	-407.1	-1.7	48.2	16.26	119805
2015	10	18	7	45	0	0	2.22	3.9	-8.13	-406	-3	47.7	16.24	120018
2015	10	18	7	46	0	0	0.3	6.41	-6.75	-395.4	-15	42.7	16.1	121969
2015	10	18	7	47	0	0	-1.69	8.26	-6.06	-395.4	-15	42.7	16.1	121969
2015	10	18	7	48	0	0	-2.96	7.86	-5.55	-388.2	-18.2	43.4	17.54	131379
2015	10	18	7	49	0	0	-2.84	7.32	-6.64	-388.2	-18.2	43.4	17.54	131379
2015	10	18	7	50	0	0	-2.9	5.58	-7.67	-389.5	-15.2	44.7	17.2	127943
2015	10	18	7	51	0	0	-3.44	7.14	-6.78	-392.5	-8.7	47.5	16.45	120344
2015	10	18	7	52	0	0	-3.48	8.77	-5.6	-392.5	-8.7	47.5	16.45	120344
2015	10	18	7	53	0	0	-3.54	8.69	-5.76	-392.5	-8.7	47.5	16.45	120344
2015	10	18	7	54	0	0	-3.92	9.27	-5.08	-392.5	-8.7	47.5	16.45	120344
2015	10	18	7	55	0	0	-3.3	9.41	-5	-392.5	-8.7	47.5	16.45	120344
2015	10	18	7	56	0	0	-3.42	9.47	-5.34	-392.5	-8.7	47.5	16.45	120344
2015	10	18	7	57	0	0	-3.53	9.32	-5.2	-392.5	-8.7	47.5	16.45	120344
2015	10	18	7	58	0	0	-4.29	9.17	-4.63	-382.6	-18	38.3	16.87	121426
2015	10	18	7	59	0	0	-4.29	9.36	-4.1	-383.7	-16.8	34.4	16.16	116433
2015	10	18	8	0	0	0	-4.23	10.25	-3.74	-385.7	-15.2	30.5	15.27	110072
2015	10	18	8	1	0	0	-4.28	10.7	-4.69	-389.5	-13.1	28.1	14.15	102318
2015	10	18	8	2	0	0	-4.04	11.33	-4.13	-395.6	-9.8	23.8	11.92	91081
2015	10	18	8	3	0	0	-3.58	11.7	-3.38	-395.6	-9.8	23.8	11.92	91079
2015	10	18	8	4	0	0	-3.98	11.4	-4.12	-392.1	-10.4	28.7	13.52	94874
2015	10	18	8	5	0	0	-3.9	10.81	-5.07	-392.1	-10.4	28.7	13.52	94874
2015	10	18	8	6	0	0	-4.04	11.16	-4.83	-391.1	-10.3	27.7	12.77	88733
2015	10	18	8	7	0	0	-3.43	10.79	-5.65	-389.9	-10.2	26.5	11.83	81043
2015	10	18	8	8	0	0	-1.48	9.94	-7.74	-402	-5.7	38.1	13.06	90473
2015	10	18	8	9	0	0	-0.48	9.81	-8.21	-403.4	-5.2	39.4	13.2	91549
2015	10	18	8	10	0	0	0.19	9.35	-8.83	-408.9	-0.1	43	13.42	73690
2015	10	18	8	11	0	0	0.17	9.04	-9.17	-408.9	-0.1	43	13.42	73690
2015	10	18	8	12	0	0	0.07	9.03	-9.27	-405.8	4.5	41	12.64	75631
2015	10	18	8	13	0	0	0.01	9.49	-8.96	-404.1	7	40	12.22	76675
2015	10	18	8	14	0	0	-0.31	9.93	-8.56	-414.9	5.5	34.3	11.43	79239
2015	10	18	8	15	0	0	-0.43	10.11	-8.29	-416.9	5.2	33.2	11.28	79720
2015	10	18	8	16	0	0	-0.33	10.18	-8.39	-407.4	0.1	38.3	12.02	72428
2015	10	18	8	17	0	0	-0.54	10.3	-8.37	-407.4	0.1	38.3	12.02	72428
2015	10	18	8	18	0	0	-1.04	10.22	-7.59	-411.2	-4.9	46.2	12.5	89285
2015	10	18	8	19	0	0	-0.51	9.89	-8.15	-412.1	-6.1	48.1	12.62	93442
2015	10	18	8	20	0	0	-0.31	9.69	-8.3	-414.2	-5.7	50.5	12.18	97264
2015	10	18	8	21	0	0	-0.08	9.58	-8.34	-414.2	-5.7	50.5	12.18	97285
2015	10	18	8	22	0	0	0.01	9.27	-8.69	-412.9	-6.3	48.9	12.27	112908
2015	10	18	8	23	0	0	0.01	9.27	-8.69	-412.9	-6.3	48.9	12.27	112908
2015	10	18	8	24	0	0	-1.56	10.05	-7.64	-412.9	-6.3	48.9	12.27	112908
2015	10	18	8	25	0	0	-2.74	10.27	-7.15	-400.5	-9.6	44.2	12.19	98257
2015	10	18	8	26	0	0	-3.08	10.44	-6.77	-400.5	-9.6	44.2	12.19	98259
2015	10	18	8	27	0	0	-3.54	10.27	-6.83	-399.2	-9.8	43.8	12.64	98746
2015	10	18	8	28	0	0	-3.41	10.64	-6.36	-399.4	-9.4	43.8	12.62	97828
2015	10	18	8	29	0	0	-3.33	10.5	-6.67	-400.3	-8	43.7	12.53	94395
2015	10	18	8	30	0	0	-3.49	11.4	-5.86	-400.3	-8	43.7	12.53	94395
2015	10	18	8	31	0	0	-3.87	10.52	-6.11	-397.4	-7.8	41.2	12.05	95807
2015	10	18	8	32	0	0	-3.68	10.44	-6.3	-396.9	-7.4	40.9	11.87	95485
2015	10	18	8	33	0	0	-3.68	10.44	-6.3	-396.9	-7.4	40.9	11.87	95485
2015	10	18	8	34	0	0	-4.03	10.33	-5.88	-408	-9.8	36.5	10.69	92967
2015	10	18	8	35	0	0	-4.05	10.33	-5.85	-408	-9.8	36.5	10.69	92967
2015	10	18	8	36	0	0	-4.24	10.31	-5.75	-397.2	-11.4	38.9	12.83	101700
2015	10	18	8	37	0	0	-3.91	10.35	-5.98	-397.2	-11.4	38.9	12.83	101700
2015	10	18	8	38	0	0	-2.99	10.4	-6.95	-396.4	-10.6	37.9	12.53	99444
2015	10	18	8	39	0	0	-3.37	10.55	-6.65	-392.5	-6.7	33.3	11.16	89211
2015	10	18	8	40	0	0	-0.78	9.89	-7.95	-396.9	-3.7	36.5	11.72	90047
2015	10	18	8	41	0	0	-0.98	9.34	-8.37	-407.3	3.5	43.9	13.04	92020
2015	10	18	8	42	0	0	-0.28	8.3	-9.44	-407.3	3.5	43.9	13.04	92020
2015	10	18	8	43	0	0	0.17	7.74	-9.81	-409.6	5.4	44.4	12.31	96317
2015	10	18	8	44	0	0	0.65	7.16	-9.93	-408.8	5.4	44.2	11.79	100931
2015	10	18	8	45	0	0	-1.62	9.98	-7.73	-405.5	4.6	39.8	10.68	116452
2015	10	18	8	46	0	0	-1.48	9.93	-7.45	-403.4	2.5	30	12.37	116084
2015	10	18	8	47	0	0	-1.11	10.07	-7.4	-402.6	0.2	28.9	12.02	103194
2015	10	18	8	48	0	0	-0.67	10.02	-7.02	-404.6	-2.2	34.1	12.99	102860
2015	10	18	8	49	0	0	-0.31	10.61	-6.1	-405.6	-3.4	36.6	13.47	102695
2015	10	18	8	50	0	0	-0.07	9.99	-7.06	-406.9	-2.8	36.7	12.87	124151
2015	10	18	8	51	0	0	-0.41	10.14	-6.85	-406.9	-2.8	36.7	12.87	124151
2015	10	18	8	52	0	0	-0.72	10.97	-4.97	-401.6	-11.6	33.6	13.48	125801
2015	10	18	8	53	0	0	-0.61	11.36	-4	-403.8	-14.7	27.9	13.82	127631
2015	10	18	8	54	0	0	0.14	11.41	-3.14	-404.9	-16.3	25	13.99	128575
2015	10	18	8	55	0	0	-0.26	11.34	-3.47	-401.6	-17.9	23	14.03	125801
2015	10	18	8	56	0	0	-1	11.29	-4.1	-401.6	-17.9	23	14.03	125801
2015	10	18	8	57	0	0	-0.91	9.49	-8.53	-404.7	0.5	33.6	12	113963
2015	10	18	8	58	0	0	-0.76	9.16	-8.93	-405.6	6.2	36.9	11.37	110309
2015	10	18	8	59	0	0	-0.44	8.61	-9.17	-404.8	8.2	39.9	11.61	116994
2015	10	18	9	0	0	0	-0.73	8.13	-9.68	-404.2	9.7	42.1	11.78	121969
2015	10	18	9	1	0	0	-1.76	9.49	-7.67	-400	6	32.9	12.01	102646
2015	10	18	9	2	0	0	-1.65	9.92	-7.25	-402.3	7.8	30	11.77	100150
2015	10	18	9	3	0	0	-2.18	10.55	-5.75	-395.4	0.4	22.4	11.13	101700
2015	10	18	9	4	0	0	-5.67	10.32	2.25	-395	0.1	21.8	11.08	103305
2015	10	18	9	5	0	0	-5.7	10.11	-0.38	-391.8	-2.4	15.8	10.65	118195
2015	10	18	9	6	0	0	-4.95	10.18	-2.19	-391.8	-2.4	15.8	10.65	118195
2015	10	18	9	7	0	0	-3.67	9.83	-1.41	-401.6	4.7	53.6	14.43	171230
2015	10	18	9	8	0	0	-2.27	8.2	-5.76	-401.6	4.7	53.6	14.43	171230
2015	10	18	9	9	0	0	-1.55	6.71	-10.22	-401.6	4.7	53.6	14.43	171230
2015	10	18	9	10	0	0	-1.55	6.71	-10.22	-401.6	4.7	53.6	14.43	171230
2015	10	18	9	11	0	0	-1.55	6.71	-10.22	-401.6	4.7	53.6	14.43	171230
2015	10	18	9	12	0	0	-1.55	6.71	-10.22	-401.6	4.7	53.6	14.43	171230
2015	10	18	9	13	0	0	-0.94	5.52	-10.4	-410	47.7	27.6	7	65235
2015	10	18	9	14	0	0	-2.48	8.17	-9.59	-406.1	32.5	29	8.43	87846
2015	10	18	9	15	0	0	-1.82	7.73	-10.07	-404.9	23.7	34	9.67	108512
2015	10	18	9	16	0	0	-1.54	7.29	-10.16	-406.3	25.7	33.9	9.8	113026
2015	10	18	9	17	0	0	-2.24	7.68	-8.67	-406.5	25.3	25.8	9.91	119267
2015	10	18	9	18	0	0	-2.51	7.71	-8.42	-400.6	23.7	18.9	11.28	131379
2015	10	18	9	19	0	0	-2.75	8.29	-7.68	-400.6	23.7	18.9	11.28	131379
2015	10	18	9	20	0	0	-2.42	8.24	-7.9	-403.5	25.1	20.2	11.6	142568
2015	10	18	9	21	0	0	-2.76	7.78	-8	-403.6	25.1	20.2	11.61	142899
2015	10	18	9	22	0	0	-3.18	6.96	-8.64	-403.6	25.1	20.2	11.61	142899
2015	10	18	9	23	0	0	-3.2	7.23	-8.38	-396.6	24.6	23.2	11.66	128575
2015	10	18	9	24	0	0	-2.91	7.27	-8.42	-396.6	24.6	23.2	11.66	128583
2015	10	18	9	25	0	0	-2.92	3.98	-9.96	-401	37.9	24.9	11.62	131285
2015	10	18	9	26	0	0	-2.55	4.89	-9.86	-403.9	37.8	18.5	11.75	143521
2015	10	18	9	27	0	0	-2.56	5.27	-8.55	-405.3	35.2	13.2	11.86	152462
2015	10	18	9	28	0	0	-2.96	4.5	-7.73	-404.2	44.3	2.1	13.91	195875
2015	10	18	9	29	0	0	-2.9	5.01	-6.57	-404.2	44.3	2.1	13.91	195875
2015	10	18	9	30	0	0	-2.34	4.04	-7.61	-405.4	47.1	0.1	13.72	185499
2015	10	18	9	31	0	0	-3.17	5.28	-5.42	-405.7	47.8	-0.4	13.67	183012
2015	10	18	9	32	0	0	-3.01	4.88	-6.19	-403.8	47.6	4.5	13.22	173166
2015	10	18	9	33	0	0	-3.6	4.77	-5.99	-403.8	47.6	4.5	13.21	173524
2015	10	18	9	34	0	0	-2.01	3.84	-7.7	-404	48	5.2	12.48	202622
2015	10	18	9	35	0	0	-0.86	5.91	-5.88	-406.9	44.4	7.2	12.53	171652
2015	10	18	9	36	0	0	-2.1	9.33	-2.62	-403.3	21.6	7.9	12.53	180008
2015	10	18	9	37	0	0	-1.94	9.46	-2.16	-403	20.2	8	12.52	180396
2015	10	18	9	38	0	0	-2.47	9.47	-2.96	-401.6	21.2	10.2	12.19	158597
2015	10	18	9	39	0	0	-2.13	9.42	-1.09	-401.4	23.2	8.4	11.98	162668
2015	10	18	9	40	0	0	-2.69	9.07	0.83	-400.7	25.1	5.7	11.98	165365
2015	10	18	9	41	0	0	-2.97	8.67	2.03	-400.6	22.9	7.3	12.36	159792
2015	10	18	9	42	0	0	-3.06	7.6	5.22	-398.3	18	15.9	13.31	168664
2015	10	18	9	43	0	0	-2.81	6.57	6.81	-398.3	18	15.9	13.31	168664
2015	10	18	9	44	0	0	-3.22	7.26	6.25	-401.3	18.3	21.3	12.02	166753
2015	10	18	9	45	0	0	-3.11	6.73	6.7	-401.3	18.3	21.3	12.02	166753
2015	10	18	9	46	0	0	-3.59	7.5	5.94	-397.4	16.7	-4.4	14.01	174463
2015	10	18	9	47	0	0	-3.68	7.93	5.8	-400.2	16.3	8.9	12.8	169754
2015	10	18	9	48	0	0	-3.51	8.38	5.48	-402	16.1	19.2	11.81	164894
2015	10	18	9	49	0	0	-3.89	8.15	5.67	-398.1	19.7	16.6	11.01	143723
2015	10	18	9	50	0	0	-4.1	7.23	6.34	-400.6	19.2	18.3	11.7	150866
2015	10	18	9	51	0	0	-4.3	7.13	6.06	-400.8	21.5	19.8	11.66	155255
2015	10	18	9	52	0	0	-4.09	7.7	5.47	-400	17.8	16.7	12.64	168771
2015	10	18	9	53	0	0	-2.89	8.37	6.97	-401.4	18.2	16.5	12.65	167092
2015	10	18	9	54	0	0	-3.15	7.96	6.16	-401.4	18.2	16.5	12.65	167092
2015	10	18	9	55	0	0	-1.4	8.39	6.65	-405.1	20.5	14.8	9.1	127462
2015	10	18	9	56	0	0	-2.08	8.38	6.36	-405.1	20.5	14.8	9.1	127462
2015	10	18	9	57	0	0	-1.62	8.4	5.99	-405.1	20.5	14.8	9.1	127462
2015	10	18	9	58	0	0	-1.99	7.85	6.67	-405.1	20.5	14.8	9.1	127462
2015	10	18	9	59	0	0	-1.99	7.85	6.67	-405.1	20.5	14.8	9.1	127462
2015	10	18	10	0	0	0	0.07	6.49	8.01	-405.1	20.5	14.8	9.1	127462
2015	10	18	10	1	0	0	0.07	6.49	8.01	-405.1	20.5	14.8	9.1	127462
2015	10	18	10	2	0	0	1.68	4.88	9.58	-405.1	20.5	14.8	9.1	127462
2015	10	18	10	3	0	0	1.68	4.88	9.58	-405.1	20.5	14.8	9.1	127462
2015	10	18	10	4	0	0	2.64	3.67	9.94	-405.1	20.5	14.8	9.1	127462
2015	10	18	10	5	0	0	6.05	5.97	7.73	-418	25.2	7.8	10.68	178384
2015	10	18	10	6	0	0	6.94	5.92	6.58	-418	25.2	7.8	10.68	178384
2015	10	18	10	7	0	0	7.43	5.84	7.13	-418	25.2	7.8	10.68	178384
2015	10	18	10	8	0	0	8.34	5.5	8.06	-418	25.2	7.8	10.68	178384
2015	10	18	10	9	0	0	9.03	4.45	8.99	-416.5	27.6	4.4	11.13	167389
2015	10	18	10	10	0	0	10.3	4.89	8.16	-416.5	27.6	4.4	11.13	167389
2015	10	18	10	11	0	0	10.97	4.52	7.81	-416.5	27.6	4.4	11.13	167389
2015	10	18	10	12	0	0	10.9	4.19	7.95	-416.5	27.6	4.4	11.13	167389
2015	10	18	10	13	0	0	-1.15	-0.08	14.45	-416.5	27.6	4.4	11.13	167389
2015	10	18	10	14	0	0	-3.16	-1.26	14.67	-401.3	37.7	1	9.59	131944
2015	10	18	10	15	0	0	-2.88	-1.59	14.21	-401.3	37.7	1	9.59	131944
2015	10	18	10	16	0	0	-2.43	-2.01	13.93	-401.3	37.7	1	9.59	131944
2015	10	18	10	17	0	0	-2.26	-2.62	13.44	-403.8	38.5	-0.1	10.03	150042
2015	10	18	10	18	0	0	-2.14	-3.53	12.89	-403.8	38.5	-0.1	10.03	150042
2015	10	18	10	19	0	0	-1.73	-3.71	12.25	-403.8	38.5	-0.1	10.03	150042
2015	10	18	10	20	0	0	-1.68	-4.08	11.9	-403.8	38.5	-0.1	10.03	150042
2015	10	18	10	21	0	0	-1.48	-4.25	11.52	-403.8	38.5	-0.1	10.03	150042
2015	10	18	10	22	0	0	-2.25	-5.28	10.5	-403.8	38.5	-0.1	10.03	150042
2015	10	18	10	23	0	0	-2.67	-6.74	8.8	-398.9	45.7	-1	10.12	180360
2015	10	18	10	24	0	0	-2.39	-5.76	9.86	-398.9	45.7	-1	10.12	180360
2015	10	18	10	25	0	0	0.3	-4.99	8.4	-402.7	42.8	-2.3	10.31	180989
2015	10	18	10	26	0	0	1.79	-5.53	7.15	-403	43.7	-0.1	10.07	174361
2015	10	18	10	27	0	0	-0.16	0.81	8.2	-403	44.9	7.8	9.72	166755
2015	10	18	10	28	0	0	-0.88	3.86	6.71	-401.6	37.5	23.7	11.18	213323
2015	10	18	10	29	0	0	-2.42	6.77	3.44	-405.6	44.4	10.4	11.09	174800
2015	10	18	10	30	0	0	0.56	3.22	7.97	-405.1	44.4	11.4	11.07	174630
2015	10	18	10	31	0	0	-0.37	3.25	7.49	-397	39.8	30.4	10.86	191049
2015	10	18	10	32	0	0	1.26	2.42	9.08	-402	41.2	16	11.2	189690
2015	10	18	10	33	0	0	1.71	2.97	8.98	-407.8	42.3	9.8	10.65	181150
2015	10	18	10	34	0	0	1.34	1.65	9.29	-410	42.6	5.8	10.63	177727
2015	10	18	10	35	0	0	1.49	1.29	8.98	-410	42.6	5.8	10.63	177727
2015	10	18	10	36	0	0	0.47	2.46	8.45	-410.7	55.2	5.1	9.73	175114
2015	10	18	10	37	0	0	0.56	3.4	8.38	-410.8	55.2	5.1	9.73	175114
2015	10	18	10	38	0	0	1.84	1.51	8.98	-413.4	56.1	6.5	9.71	175114
2015	10	18	10	39	0	0	2.38	0.25	9.09	-413.4	56.1	6.5	9.71	175114
2015	10	18	10	40	0	0	1.95	0.18	8.32	-413.4	56	15.6	8.41	193815
2015	10	18	10	41	0	0	-4.44	5.83	4.57	-411.9	54.6	15.4	8.6	196462
2015	10	18	10	42	0	0	-3.37	5.87	5.31	-397.1	41.4	13.6	10.45	222178
2015	10	18	10	43	0	0	-2.65	5.46	6.44	-397.8	41.7	13.4	10.48	221881
2015	10	18	10	44	0	0	-1.28	5.17	6.97	-406.8	46.3	11.3	10.89	217800
2015	10	18	10	45	0	0	-0.92	4.86	6.83	-406.8	46.3	11.3	10.89	217800
2015	10	18	10	46	0	0	-2.29	5.46	6	-400.9	42.2	16.6	10.83	200028
2015	10	18	10	47	0	0	-1.15	2.74	7.92	-402.6	44.2	13.6	10.9	199723
2015	10	18	10	48	0	0	-0.36	3.43	8.16	-408.8	51.2	2.8	11.14	198639
2015	10	18	10	49	0	0	-0.54	2.78	8.64	-408.8	51.2	2.8	11.14	198639
2015	10	18	10	50	0	0	0.45	2.26	8.69	-408.4	49.8	6.9	9.18	159217
2015	10	18	10	51	0	0	-0.47	3.48	8.2	-408.4	49.8	6.9	9.18	159217
2015	10	18	10	52	0	0	-3.37	6	4.93	-408.4	49.8	6.9	9.18	159217
2015	10	18	10	53	0	0	-4.29	5.19	5.17	-408.4	49.8	6.9	9.18	159217
2015	10	18	10	54	0	0	-3.29	4.51	6.28	-408.4	49.8	6.9	9.18	159217
2015	10	18	10	55	0	0	-4.02	5.36	5.11	-396.9	40.9	11	10.49	193131
2015	10	18	10	56	0	0	-5.55	5.22	3.14	-397.6	40.1	11.3	10.92	204883
2015	10	18	10	57	0	0	0.35	4.47	7.87	-401.4	38.8	9	11.52	223365
2015	10	18	10	58	0	0	-0.48	4.51	7.46	-407.8	41.3	-0.7	9.85	183303
2015	10	18	10	59	0	0	-3.52	6.24	4.23	-407.8	41.3	-0.7	9.85	183303
2015	10	18	11	0	0	0	-3.52	5.62	0.96	-402.7	40	7.3	10.77	196167
2015	10	18	11	1	0	0	-2.27	7.01	-4.64	-407.9	37.6	35.4	11.16	206787
2015	10	18	11	2	0	0	-1.31	7.03	-4.75	-411.9	34.9	43.4	11.79	176609
2015	10	18	11	3	0	0	-1.21	7.59	-4.01	-412.6	34.3	42.8	11.94	166118
2015	10	18	11	4	0	0	-1.56	7.64	-3.73	-408.8	35.5	42.1	11.12	176370
2015	10	18	11	5	0	0	-2.08	7.33	-4.2	-409.5	35.9	43.3	11.14	183582
2015	10	18	11	6	0	0	-1.3	7.34	-4.61	-411.4	37	46.8	11.21	204502
2015	10	18	11	7	0	0	-0.92	7.72	-3.97	-416.4	33.1	32.8	10.95	197255
2015	10	18	11	8	0	0	-0.7	8.29	-3.3	-416.4	33.1	32.8	10.95	197255
2015	10	18	11	9	0	0	-0.11	8.74	-1.9	-416.4	33.1	32.8	10.95	197255
2015	10	18	11	10	0	0	-2.15	8.36	-1.78	-416.4	33.1	32.8	10.95	197255
2015	10	18	11	11	0	0	-2.61	8.04	-1.93	-406.9	31.8	30.4	10.75	185360
2015	10	18	11	12	0	0	-2.39	7.89	-3.18	-405	31.9	32.1	10.76	186449
2015	10	18	11	13	0	0	-1.01	8.48	-3.36	-409.5	31	38.5	10.87	188375
2015	10	18	11	14	0	0	-0.69	8.5	-4.06	-421.7	34.7	44.5	11.36	202737
2015	10	18	11	15	0	0	0.48	7.89	-5.05	-421.8	34.7	44.5	11.36	202821
2015	10	18	11	16	0	0	0.47	7.47	-5.54	-421.8	34.7	44.5	11.36	202821
2015	10	18	11	17	0	0	0.12	6.92	-6.03	-421.8	34.7	44.5	11.36	202821
2015	10	18	11	18	0	0	0.23	6.79	-6.77	-411.8	45.4	51.6	10.44	145854
2015	10	18	11	19	0	0	-1.14	5.65	-7.24	-411.8	45.4	51.6	10.44	145854
2015	10	18	11	20	0	0	-2.25	6.01	-6.54	-411.7	45.6	52.1	10.53	150802
2015	10	18	11	21	0	0	-2.42	5.1	-7.18	-411.1	46.9	55.1	11.07	179700
2015	10	18	11	22	0	0	-4.07	5.93	-0.8	-400.4	42.5	21	10.13	158960
2015	10	18	11	23	0	0	-4.83	6.79	3.66	-399.5	42.1	17.9	10.1	158452
2015	10	18	11	24	0	0	-5.32	3.62	5.84	-399.5	42.1	17.9	10.1	158452
2015	10	18	11	25	0	0	-3.29	6.62	-3.81	-401.2	35.5	38	10.18	155515
2015	10	18	11	26	0	0	-5.48	6.89	2.52	-400.9	35.6	36.7	10.15	155445
2015	10	18	11	27	0	0	-5.48	6.42	3.09	-392.5	39	3.8	9.44	153681
2015	10	18	11	28	0	0	-4.67	7.23	2.86	-391.9	39.3	1.1	10.31	160153
2015	10	18	11	29	0	0	-4.33	8.15	1.08	-396.9	31.3	14.5	10.27	156713
2015	10	18	11	30	0	0	-3.65	8.33	1.05	-398.3	29.1	18.3	10.22	155515
2015	10	18	11	31	0	0	-2.08	8.43	-2.95	-398.3	29.1	18.3	10.22	155515
2015	10	18	11	32	0	0	-2.71	8.51	-2.24	-412.3	27.1	39.7	10.06	160993
2015	10	18	11	33	0	0	-2.53	8.91	-0.52	-411.8	26.7	37.9	10.15	162366
2015	10	18	11	34	0	0	-2.37	8.96	-1.25	-410.4	25.6	33.2	10.38	165903
2015	10	18	11	35	0	0	-1.67	8.05	-4.08	-410.4	27.3	40	9.66	150646
2015	10	18	11	36	0	0	-1.02	8.08	-4.93	-410.4	27.3	40	9.66	150646
2015	10	18	11	37	0	0	-2.5	7.3	-4.94	-414.7	28.6	45.9	10.41	146422
2015	10	18	11	38	0	0	-1.51	7.73	-4.66	-415.2	28.9	46.6	10.55	146243
2015	10	18	11	39	0	0	-0.66	7.61	-4.61	-416.7	32.3	51.1	10.4	170647
2015	10	18	11	40	0	0	-1.4	8.69	-3.22	-418.4	31.8	52.3	9.68	184057
2015	10	18	11	41	0	0	-1.87	8.95	-1.92	-414.1	27.4	41.1	9.46	176418
2015	10	18	11	42	0	0	-2.09	8.9	-1.96	-411.5	30.7	32.4	9.2	181488
2015	10	18	11	43	0	0	-2.28	9.08	-1.09	-411.3	30.6	32.1	9.21	180715
2015	10	18	11	44	0	0	-2.03	9.22	-1.78	-409	26.7	31.9	9.54	165485
2015	10	18	11	45	0	0	-2.22	8.37	-3.68	-412.8	30.1	40.1	9.78	176460
2015	10	18	11	46	0	0	-2.07	8.44	-2.36	-413.9	30.7	40.7	9.87	179301
2015	10	18	11	47	0	0	-1.18	8.66	-2.31	-417.1	31.7	32.8	10.53	188938
2015	10	18	11	48	0	0	-2.03	8.78	-0.68	-413	32.1	36.4	9.9	177594
2015	10	18	11	49	0	0	-1.26	6.17	-6.63	-410.3	33.4	18.6	10.42	193058
2015	10	18	11	50	0	0	-1.26	6.17	-6.63	-415.5	53.2	59.5	10.16	199154
2015	10	18	11	51	0	0	-1.26	6.17	-6.63	-415.7	53.9	61	10.15	199333
2015	10	18	11	52	0	0	-1.26	3.75	-8.06	-415.7	53.9	61	10.15	199333
2015	10	18	11	53	0	0	-1.26	3.75	-8.06	-415.7	53.9	61	10.15	199333
2015	10	18	11	54	0	0	-0.76	5.71	-7.07	-415.7	53.9	61	10.15	199333
2015	10	18	11	55	0	0	-1.18	6.15	-6.65	-415.7	53.9	61	10.15	199333
2015	10	18	11	56	0	0	-1.27	7.47	-4.95	-406.8	38.7	34.5	9.95	157360
2015	10	18	11	57	0	0	-2.4	7.78	-3.48	-406.8	38.7	34.5	9.95	157360
2015	10	18	11	58	0	0	-3	8.33	-1.67	-406.8	38.7	34.5	9.95	157360
2015	10	18	11	59	0	0	-3.76	7.98	-0.19	-395.6	39.1	25.3	10.2	193131
2015	10	18	12	0	0	0	-3.99	7.54	-2.3	-395.8	39.2	25.9	10.18	192028
2015	10	18	12	1	0	0	-3.12	6.87	-4.97	-400.6	41.5	42.1	9.75	163535
2015	10	18	12	2	0	0	-3.67	7.9	-2.83	-401.5	42	45.3	9.67	157978
2015	10	18	12	3	0	0	-3.59	6.5	-1.41	-401.5	42	45.3	9.67	157978
2015	10	18	12	4	0	0	-3	6.37	-0.41	-391.9	44.6	36.8	9.21	165469
2015	10	18	12	5	0	0	-1.72	3.45	8.55	-405.7	51.5	-5.9	9.44	183488
2015	10	18	12	6	0	0	-3.2	7.89	3.46	-401.4	32.4	-3.7	10.1	178681
2015	10	18	12	7	0	0	-3.12	8.28	3.24	-401.3	28.9	0.4	10.29	186665
2015	10	18	12	8	0	0	-1.88	7.74	4.81	-401.6	28.5	0.9	10.31	188567
2015	10	18	12	9	0	0	-1.79	7.51	5.26	-403.2	29.6	-5.6	9.64	173166
2015	10	18	12	10	0	0	-2.38	7.21	5.34	-403.2	29.6	-5.6	9.64	173166
